age,gender,s1oking,anxiety,coughing,alcoholconsu1ing,chestpain,lung_cancer
69,1,1,2,2,2,2,1
74,1,2,1,1,1,2,1
59,0,1,1,2,1,2,0
63,1,2,2,1,2,2,0
63,0,1,1,2,1,1,0
75,0,1,1,2,1,1,1
52,1,2,1,2,2,2,1
51,0,2,2,1,1,1,1
68,0,2,2,1,1,1,0
53,1,2,2,1,2,2,1
61,0,2,2,2,1,1,1
72,1,1,1,2,2,2,1
60,0,2,1,1,1,1,0
58,1,2,1,2,2,2,1
69,1,2,1,2,2,2,0
48,0,1,2,2,1,1,1
75,1,2,1,2,2,2,1
57,1,2,2,1,2,2,1
68,0,2,2,2,1,1,1
61,0,1,1,1,1,1,0
44,0,2,2,1,1,1,1
64,0,1,2,2,1,1,1
21,0,2,1,1,1,1,0
60,1,2,1,2,2,2,1
72,1,2,2,2,2,2,1
65,1,1,2,2,2,2,1
61,0,2,2,1,2,2,1
69,1,1,1,2,1,2,0
53,0,2,2,1,2,2,1
55,1,1,1,2,2,1,0
57,0,2,1,1,1,1,0
62,1,2,2,1,2,2,1
56,1,2,2,1,1,1,0
67,0,2,2,1,1,2,1
59,1,1,2,1,1,2,0
59,0,2,2,1,1,1,1
60,1,1,1,2,1,2,1
56,0,1,1,1,1,1,0
56,1,2,1,1,1,2,1
60,1,2,1,2,2,2,1
68,1,2,2,2,2,2,1
63,1,1,1,1,2,1,1
77,0,1,2,1,2,1,1
52,1,2,1,1,2,2,1
70,0,2,1,2,2,1,1
72,1,2,2,2,2,2,1
62,1,2,1,2,1,2,1
64,0,2,1,2,2,2,1
70,0,1,2,1,2,2,1
60,1,1,2,1,2,1,0
56,0,1,1,1,2,2,1
63,1,2,2,1,1,1,1
54,0,2,1,2,2,2,1
49,1,2,1,2,2,2,1
57,0,1,1,2,2,1,1
52,1,1,2,2,2,1,1
63,0,1,1,2,1,2,1
73,1,1,1,2,2,2,1
47,1,1,1,1,1,2,1
69,1,2,2,2,2,2,1
70,1,1,1,2,2,2,1
60,0,1,2,2,1,1,0
70,1,1,1,2,2,1,1
68,0,1,2,1,2,1,1
74,1,1,1,2,2,2,1
71,0,2,2,2,1,2,1
56,0,1,1,2,1,2,1
66,1,2,1,2,2,1,1
76,0,2,2,1,1,2,1
78,0,2,2,2,1,1,1
68,1,2,2,1,2,2,1
66,0,2,2,2,1,1,1
67,1,1,1,2,2,2,1
60,0,2,1,1,1,1,1
61,1,2,1,2,2,2,1
58,1,2,1,2,2,1,1
76,0,1,2,2,1,2,1
56,1,2,1,2,2,2,1
67,1,2,2,1,2,2,1
73,0,2,2,2,1,2,1
58,0,1,1,1,1,1,0
54,0,2,2,1,1,1,1
62,0,2,2,1,2,2,1
81,0,1,1,2,2,1,1
56,1,1,1,2,2,2,1
60,1,1,2,2,2,1,1
66,1,1,2,2,2,2,1
62,1,1,2,1,1,2,1
62,0,2,2,1,2,1,1
55,0,2,1,1,2,2,1
62,0,1,1,1,2,2,1
71,0,1,1,2,1,2,1
52,1,2,1,1,2,2,1
59,0,1,2,2,2,1,1
48,1,2,1,2,2,2,1
60,1,1,2,1,1,2,1
61,0,2,2,2,2,2,1
59,1,2,1,2,2,1,1
64,1,1,2,2,1,1,1
56,1,2,1,2,2,2,1
58,1,2,1,2,2,1,1
81,0,1,2,2,1,2,1
64,1,2,1,2,2,2,1
62,1,2,2,1,2,2,1
72,0,2,2,2,1,2,1
60,0,1,1,1,1,1,1
61,0,2,2,1,1,1,1
60,0,2,2,1,2,2,1
49,0,1,1,2,2,1,1
53,1,1,1,1,2,2,1
58,1,1,2,2,2,2,1
61,1,2,2,1,2,2,1
68,0,1,1,2,1,2,1
60,1,2,2,1,2,2,1
72,0,1,1,2,2,1,1
72,0,1,1,2,1,1,1
57,1,2,1,2,2,2,1
51,0,2,2,1,1,1,1
54,0,2,2,2,1,1,1
56,0,1,2,1,2,2,1
77,1,2,2,2,1,1,1
64,1,1,1,2,2,2,1
57,1,2,2,1,1,1,1
66,0,2,2,2,2,1,1
70,1,2,1,2,2,2,1
53,0,1,2,2,1,1,1
51,1,2,1,2,2,2,1
58,1,2,2,1,2,2,1
58,0,2,2,2,1,1,1
63,0,1,1,1,1,1,0
51,0,2,2,1,1,1,1
61,0,1,2,2,1,1,1
61,0,2,1,1,1,1,1
76,1,2,1,2,2,2,1
71,1,2,2,2,2,2,1
69,1,1,2,2,2,1,1
56,0,2,2,1,1,2,1
67,1,1,1,2,1,2,1
54,0,2,2,1,2,2,1
63,1,1,1,2,2,1,1
47,0,2,1,2,1,1,1
62,1,2,2,2,2,2,1
65,1,2,2,1,1,1,1
63,0,2,2,2,1,2,1
64,1,1,2,1,2,2,1
65,0,2,2,2,1,1,1
51,1,1,1,2,2,2,1
56,0,1,1,2,2,1,1
70,1,2,1,2,2,2,1
58,1,2,1,2,2,2,1
67,1,2,2,2,2,2,1
62,1,1,1,1,2,1,1
74,0,1,2,1,2,1,1
69,1,2,1,1,1,2,0
64,0,2,1,1,1,1,0
75,1,2,2,1,1,2,1
47,1,2,1,1,1,2,0
57,0,2,1,1,1,2,0
56,0,1,2,1,2,2,1
68,1,1,2,1,2,1,0
55,0,1,1,1,2,2,1
62,1,2,2,1,1,1,1
73,0,2,1,2,2,2,1
68,1,2,1,2,2,2,1
75,0,1,1,2,2,1,1
63,1,1,2,2,2,1,1
61,0,1,1,2,1,2,1
62,1,1,1,2,2,2,1
44,1,1,1,1,1,2,1
56,1,2,2,2,2,2,1
54,1,1,1,2,2,2,1
57,0,1,2,2,1,1,0
56,1,1,1,2,2,1,1
69,0,1,2,1,2,1,1
72,1,1,1,2,2,2,1
59,0,2,2,2,1,2,1
70,0,1,1,2,1,2,1
64,1,2,1,2,2,1,1
61,0,2,2,1,1,2,1
72,0,2,2,2,1,1,1
63,1,2,2,1,2,2,1
74,0,2,2,2,1,1,1
71,1,1,1,2,2,2,1
71,0,2,1,1,1,1,0
72,1,2,1,2,2,2,1
77,1,2,1,2,2,1,1
72,0,1,2,1,1,1,1
55,1,2,1,1,1,1,1
65,1,2,2,1,1,1,1
67,0,2,2,1,1,1,1
69,0,1,1,1,1,1,1
55,0,2,2,1,1,1,1
51,0,2,2,1,1,1,1
64,0,1,1,1,1,1,1
63,1,1,1,2,2,2,1
69,1,1,2,2,2,1,1
64,1,1,2,2,2,2,1
59,1,1,2,1,1,2,1
73,0,2,2,1,2,1,1
55,0,2,1,1,2,2,1
63,0,1,1,1,2,2,1
60,0,1,1,2,1,2,1
74,1,2,1,1,2,2,1
65,0,1,2,2,2,1,1
79,1,2,1,2,2,2,1
62,1,1,2,1,1,2,1
71,0,2,2,2,2,2,1
63,1,2,1,2,1,1,0
67,1,1,2,2,1,1,1
55,1,2,1,2,2,2,1
54,1,2,1,2,2,1,1
77,0,1,2,2,1,2,1
58,1,2,1,2,2,2,1
64,1,2,2,1,2,2,1
61,0,2,2,2,1,2,1
62,0,1,1,1,1,1,0
67,0,2,2,1,1,1,1
56,0,2,2,1,2,2,1
70,0,1,1,2,2,1,1
70,1,1,1,2,2,2,1
57,0,1,2,1,2,2,1
61,1,1,2,1,2,1,0
77,0,1,1,1,2,2,1
63,1,2,2,1,1,1,1
62,0,2,1,2,2,2,1
59,1,2,1,2,2,2,1
70,0,1,1,2,2,1,1
71,1,1,2,2,2,1,1
56,0,1,1,2,1,2,1
57,1,1,1,2,2,2,1
78,1,1,1,1,1,2,1
64,1,2,2,2,2,2,1
62,1,1,1,2,2,2,1
49,0,1,2,2,1,1,1
77,1,1,1,2,2,1,1
64,0,1,2,1,2,1,1
63,1,1,1,2,2,2,1
54,0,2,2,2,1,2,1
38,0,1,1,2,1,2,1
75,0,1,2,2,1,1,1
70,0,2,1,1,1,1,1
59,1,2,1,2,2,2,1
77,1,2,2,1,1,2,1
61,1,1,2,2,2,1,1
64,0,2,2,1,1,2,1
59,1,1,1,1,1,2,0
71,0,2,2,1,2,2,1
67,1,1,1,2,2,1,1
64,0,2,1,2,1,1,1
68,1,2,2,1,1,1,0
69,1,2,2,1,1,1,1
64,0,2,2,2,1,2,1
59,1,1,2,1,2,2,1
67,0,2,2,2,1,1,1
74,1,1,1,2,2,2,1
77,0,1,1,2,2,1,1
60,1,2,1,2,2,2,1
64,1,2,1,2,2,2,1
70,1,2,2,2,2,2,1
58,1,1,1,1,2,1,1
59,0,1,2,1,2,1,1
39,1,2,1,1,2,2,1
67,0,1,1,2,1,1,0
71,0,1,1,2,1,1,1
70,1,2,1,2,2,2,1
60,0,2,2,1,1,1,1
55,0,2,2,1,1,1,0
60,1,2,2,1,2,2,1
55,0,2,2,2,1,1,1
55,1,1,1,2,2,2,1
70,0,2,1,1,1,1,0
63,1,2,1,2,2,2,1
64,1,2,1,2,2,2,0
59,0,1,2,2,1,1,1
56,1,2,1,2,2,2,1
64,1,2,2,1,2,2,1
62,0,2,2,2,1,1,1
87,0,1,1,1,1,1,0
77,0,2,2,1,1,1,1
59,0,1,2,2,1,1,1
59,0,2,1,1,1,1,0
55,1,2,1,1,1,2,0
46,1,1,2,1,1,2,0
60,1,1,2,2,2,2,1
58,1,2,2,1,2,2,1
58,0,2,2,2,1,1,1
63,0,1,1,1,1,1,0
51,0,2,2,1,1,1,1
61,0,1,2,2,1,1,1
61,0,2,1,1,1,1,1
76,1,2,1,2,2,2,1
71,1,2,2,2,2,2,1
69,1,1,2,2,2,1,1
56,0,2,2,1,1,2,1
67,1,1,1,2,1,2,1
54,0,2,2,1,2,2,1
63,1,1,1,2,2,1,1
47,0,2,1,2,1,1,1
62,1,2,2,2,2,2,1
65,1,2,2,1,1,1,1
63,0,2,2,2,1,2,1
64,1,1,2,1,2,2,1
65,0,2,2,2,1,1,1
51,1,1,1,2,2,2,1
56,0,1,1,2,2,1,1
70,1,2,1,2,2,2,1
58,1,2,1,2,2,2,1
67,1,2,2,2,2,2,1
62,1,1,1,1,2,1,1
